
CSE 105    CSE 429    CSE 303                 CSE 105    CSE 429      CSE 303
20101001   14101001   17101001                20101009   14101009     17101009    
20101002   14101002   17101002                20101010   14101010     17101010     
20101003   14101003   17101003                20101011   14101011     17101011     
20101004   14101004   17101004                20101012   14101012     17101012    
20101005   14101005   17101005                20101013   14101013     17101013  
20101006   14101006   17101006                20101014   14101014     17101014    
20101007   14101007   17101007                20101015   14101015     17101015     
20101008   14101008   17101008                   
