              MTH 205                                   MTH 205                  
              18101016                                  18101024         
              18101017                                  18101025         
              18101018                                  18101026         
              18101019                                  18101027         
              18101020                                  18101028         
              18101021                                  18101029         
              18101022                                  18101030         
              18101023                                  18101031         
	
