                     MTH 205                          MTH 205                  
                     18101032                         18101040         
                     18101033                         18101041         
                     18101034                         18101042         
                     18101035                         18101043         
                     18101036                         18101044         
                     18101037                         18101045         
                     18101038                         18101046         
                     18101039       

