CSE 207        CSE 407                           CSE 207          CSE 407
18101016       15101016                          18101024         15101024
18101017       15101017                          18101025         15101025
18101018       15101018                          18101026         15101026
18101019       15101019                          18101027         15101027
18101020       15101020                          18101028         15101028
18101021       15101021                          18101029         15101029
18101022       15101022                          18101030         15101030
18101023       15101023                          18101031         15101031                        

